448	21.83207130432129	0.9927824139595032	0.011083493009209633
417	20.797468185424805	1.1843476295471191	0.2585996389389038
411	20.288894653320312	8.253385543823242	0.26437780261039734
403	19.62750816345215	45.91432189941406	0.6661303639411926
429	19.397119522094727	8.541165351867676	0.4994949996471405
430	19.18000602722168	11.102095603942871	0.6120370626449585
426	18.87919044494629	1.6846462488174438	0.0410623662173748
421	18.65882682800293	1.7216060161590576	0.026283640414476395
408	18.65327262878418	6.774903774261475	0.14146190881729126
450	18.619138717651367	13.707488059997559	0.31676068902015686
416	18.4143009185791	-14.283669471740723	0.291687548160553
441	18.350629806518555	8.429100036621094	0.5169183015823364
409	18.341102600097656	9.889849662780762	0.1631390005350113
406	18.269535064697266	8.005461692810059	0.356881320476532
405	18.224336624145508	8.07620906829834	0.05883870646357536
427	17.95512580871582	13.625859260559082	0.13176345825195312
434	17.91697883605957	1.5539339780807495	0.40556180477142334
422	17.892555236816406	3.7995567321777344	0.39736464619636536
412	17.765748977661133	-0.05628133937716484	0.36493709683418274
431	17.719499588012695	-6.610340118408203	0.5444466471672058
444	17.687469482421875	11.117552757263184	0.6770613193511963
442	17.66025733947754	2.685452461242676	0.01352859940379858
418	17.471174240112305	2.5999250411987305	0.3383287787437439
439	17.457883834838867	4.02252721786499	0.03384886309504509
413	17.381084442138672	0.6664474010467529	0.04872336611151695
443	17.333362579345703	0.7333466410636902	0.18284636735916138
436	17.307796478271484	2.1707212924957275	0.0907965674996376
402	17.243350982666016	2.892881155014038	0.14207077026367188
447	17.177410125732422	4.2269487380981445	0.11331740766763687
404	17.166460037231445	3.8539679050445557	0.16612565517425537
440	17.165210723876953	1.0883139371871948	0.12778930366039276
410	17.03504180908203	9.120701789855957	0.8614327311515808
425	16.943897247314453	-12.099804878234863	0.4753342270851135
446	16.81367301940918	2.6592535972595215	0.21909895539283752
423	16.797101974487305	31.011184692382812	0.5926722288131714
415	16.782405853271484	14.683598518371582	0.22543871402740479
432	16.770978927612305	3.6750802993774414	9.395336965098977E-4
428	16.761211395263672	4.180014610290527	0.2122972458600998
407	16.703401565551758	7.814405918121338	0.22133386135101318
424	16.66581153869629	1.8052459955215454	0.11879250407218933
419	16.601760864257812	3.981992721557617	0.06644095480442047
414	16.482744216918945	-8.841760635375977	0.2603209316730499
437	16.469112396240234	2.51373553276062	0.022413600236177444
449	16.406389236450195	7.3450188636779785	0.07107652723789215
435	15.673935890197754	1.9212779998779297	0.05752767249941826
445	15.542648315429688	11.008926391601562	0.15218204259872437
438	15.426377296447754	2.7874035835266113	0.23175503313541412
433	14.351027488708496	1.462353229522705	0.011727704666554928
420	14.338788986206055	20.67823600769043	0.38968560099601746
401	13.843568801879883	0.5529524683952332	0.03276197984814644
