448	13.181951522827148	0.9927824139595032	0.011083493009209633
417	12.97220230102539	1.1843476295471191	0.2585996389389038
411	11.730724334716797	8.253385543823242	0.26437780261039734
429	11.662343978881836	8.541165351867676	0.4994949996471405
408	11.630049705505371	6.774903774261475	0.14146190881729126
416	11.462037086486816	-14.283669471740723	0.291687548160553
430	11.301925659179688	11.102095603942871	0.6120370626449585
441	11.26473617553711	8.429100036621094	0.5169183015823364
427	11.21970272064209	13.625859260559082	0.13176345825195312
426	11.117817878723145	1.6846462488174438	0.0410623662173748
434	11.033745765686035	1.5539339780807495	0.40556180477142334
431	10.973105430603027	-6.610340118408203	0.5444466471672058
418	10.971322059631348	2.5999250411987305	0.3383287787437439
413	10.95341968536377	0.6664474010467529	0.04872336611151695
421	10.938345909118652	1.7216060161590576	0.026283640414476395
403	10.937231063842773	45.91432189941406	0.6661303639411926
447	10.887283325195312	4.2269487380981445	0.11331740766763687
409	10.836771011352539	9.889849662780762	0.1631390005350113
406	10.820042610168457	8.005461692810059	0.356881320476532
444	10.80964183807373	11.117552757263184	0.6770613193511963
412	10.79611873626709	-0.05628133937716484	0.36493709683418274
436	10.749192237854004	2.1707212924957275	0.0907965674996376
422	10.708749771118164	3.7995567321777344	0.39736464619636536
450	10.708460807800293	13.707488059997559	0.31676068902015686
439	10.620891571044922	4.02252721786499	0.03384886309504509
405	10.595574378967285	8.07620906829834	0.05883870646357536
424	10.565749168395996	1.8052459955215454	0.11879250407218933
425	10.507905960083008	-12.099804878234863	0.4753342270851135
432	10.441410064697266	3.6750802993774414	9.395336965098977E-4
446	10.428448677062988	2.6592535972595215	0.21909895539283752
442	10.39035701751709	2.685452461242676	0.01352859940379858
443	10.333362579345703	0.7333466410636902	0.18284636735916138
423	10.318818092346191	31.011184692382812	0.5926722288131714
437	10.235233306884766	2.51373553276062	0.022413600236177444
440	10.228147506713867	1.0883139371871948	0.12778930366039276
419	10.192996978759766	3.981992721557617	0.06644095480442047
404	10.087151527404785	3.8539679050445557	0.16612565517425537
449	10.058965682983398	7.3450188636779785	0.07107652723789215
414	10.044611930847168	-8.841760635375977	0.2603209316730499
420	10.031566619873047	20.67823600769043	0.38968560099601746
415	9.99799919128418	14.683598518371582	0.22543871402740479
438	9.965705871582031	2.7874035835266113	0.23175503313541412
428	9.870662689208984	4.180014610290527	0.2122972458600998
410	9.812148094177246	9.120701789855957	0.8614327311515808
435	9.761533737182617	1.9212779998779297	0.05752767249941826
402	9.672955513000488	2.892881155014038	0.14207077026367188
407	9.669108390808105	7.814405918121338	0.22133386135101318
445	9.300175666809082	11.008926391601562	0.15218204259872437
433	9.105921745300293	1.462353229522705	0.011727704666554928
401	8.483736991882324	0.5529524683952332	0.03276197984814644
