414	22.226638793945312	-8.841760635375977	0.2603209316730499
404	20.466384887695312	3.8539679050445557	0.16612565517425537
450	19.303003311157227	13.707488059997559	0.31676068902015686
409	18.448062896728516	9.889849662780762	0.1631390005350113
416	18.222434997558594	-14.283669471740723	0.291687548160553
448	17.860591888427734	0.9927824139595032	0.011083493009209633
434	17.760257720947266	1.5539339780807495	0.40556180477142334
411	16.701335906982422	8.253385543823242	0.26437780261039734
423	16.682252883911133	31.011184692382812	0.5926722288131714
403	16.498048782348633	45.91432189941406	0.6661303639411926
443	15.975462913513184	0.7333466410636902	0.18284636735916138
421	15.555971145629883	1.7216060161590576	0.026283640414476395
426	15.248289108276367	1.6846462488174438	0.0410623662173748
428	15.002732276916504	4.180014610290527	0.2122972458600998
431	14.941849708557129	-6.610340118408203	0.5444466471672058
420	14.940617561340332	20.67823600769043	0.38968560099601746
447	14.913934707641602	4.2269487380981445	0.11331740766763687
438	14.910872459411621	2.7874035835266113	0.23175503313541412
408	14.900191307067871	6.774903774261475	0.14146190881729126
402	14.877542495727539	2.892881155014038	0.14207077026367188
415	14.840961456298828	14.683598518371582	0.22543871402740479
424	14.724409103393555	1.8052459955215454	0.11879250407218933
401	14.608762741088867	0.5529524683952332	0.03276197984814644
430	14.520868301391602	11.102095603942871	0.6120370626449585
412	14.257285118103027	-0.05628133937716484	0.36493709683418274
442	14.240921020507812	2.685452461242676	0.01352859940379858
405	14.133201599121094	8.07620906829834	0.05883870646357536
437	14.028425216674805	2.51373553276062	0.022413600236177444
419	14.021490097045898	3.981992721557617	0.06644095480442047
407	13.97842788696289	7.814405918121338	0.22133386135101318
410	13.599653244018555	9.120701789855957	0.8614327311515808
413	13.55063533782959	0.6664474010467529	0.04872336611151695
435	13.515954971313477	1.9212779998779297	0.05752767249941826
449	13.503401756286621	7.3450188636779785	0.07107652723789215
429	13.445452690124512	8.541165351867676	0.4994949996471405
427	13.241047859191895	13.625859260559082	0.13176345825195312
444	13.22420883178711	11.117552757263184	0.6770613193511963
446	13.199946403503418	2.6592535972595215	0.21909895539283752
422	13.125900268554688	3.7995567321777344	0.39736464619636536
418	12.826285362243652	2.5999250411987305	0.3383287787437439
417	12.770899772644043	1.1843476295471191	0.2585996389389038
440	12.752547264099121	1.0883139371871948	0.12778930366039276
406	12.702167510986328	8.005461692810059	0.356881320476532
445	12.510743141174316	11.008926391601562	0.15218204259872437
436	12.380000114440918	2.1707212924957275	0.0907965674996376
433	12.314962387084961	1.462353229522705	0.011727704666554928
425	12.206424713134766	-12.099804878234863	0.4753342270851135
439	12.163432121276855	4.02252721786499	0.03384886309504509
441	11.712681770324707	8.429100036621094	0.5169183015823364
432	10.399580001831055	3.6750802993774414	9.395336965098977E-4
