427	0.21099737286567688	13.625859260559082	0.13176345825195312
432	0.20628401637077332	3.6750802993774414	9.395336965098977E-4
450	0.20202584564685822	13.707488059997559	0.31676068902015686
429	0.18608149886131287	8.541165351867676	0.4994949996471405
448	0.1830228865146637	0.9927824139595032	0.011083493009209633
424	0.17566072940826416	1.8052459955215454	0.11879250407218933
415	0.1712367981672287	14.683598518371582	0.22543871402740479
434	0.16388541460037231	1.5539339780807495	0.40556180477142334
404	0.15255692601203918	3.8539679050445557	0.16612565517425537
430	0.13834869861602783	11.102095603942871	0.6120370626449585
422	0.1291084736585617	3.7995567321777344	0.39736464619636536
433	0.1205538809299469	1.462353229522705	0.011727704666554928
421	0.11887488514184952	1.7216060161590576	0.026283640414476395
445	0.11288892477750778	11.008926391601562	0.15218204259872437
425	0.10928453505039215	-12.099804878234863	0.4753342270851135
414	0.105009064078331	-8.841760635375977	0.2603209316730499
420	0.09527791291475296	20.67823600769043	0.38968560099601746
406	0.09486260265111923	8.005461692810059	0.356881320476532
443	0.09266853332519531	0.7333466410636902	0.18284636735916138
418	0.09229370951652527	2.5999250411987305	0.3383287787437439
435	0.08994905650615692	1.9212779998779297	0.05752767249941826
419	0.08946473151445389	3.981992721557617	0.06644095480442047
408	0.08914793282747269	6.774903774261475	0.14146190881729126
446	0.08736442029476166	2.6592535972595215	0.21909895539283752
447	0.08719010651111603	4.2269487380981445	0.11331740766763687
437	0.08688270300626755	2.51373553276062	0.022413600236177444
436	0.08540225028991699	2.1707212924957275	0.0907965674996376
409	0.08219831436872482	9.889849662780762	0.1631390005350113
402	0.08123680204153061	2.892881155014038	0.14207077026367188
405	0.07755513489246368	8.07620906829834	0.05883870646357536
449	0.07653133571147919	7.3450188636779785	0.07107652723789215
426	0.07551838457584381	1.6846462488174438	0.0410623662173748
410	0.07547026127576828	9.120701789855957	0.8614327311515808
416	0.07477907836437225	-14.283669471740723	0.291687548160553
431	0.07452110946178436	-6.610340118408203	0.5444466471672058
413	0.07429250329732895	0.6664474010467529	0.04872336611151695
441	0.07357965409755707	8.429100036621094	0.5169183015823364
403	0.0726100504398346	45.91432189941406	0.6661303639411926
440	0.06868728995323181	1.0883139371871948	0.12778930366039276
444	0.0658901184797287	11.117552757263184	0.6770613193511963
439	0.06508061289787292	4.02252721786499	0.03384886309504509
411	0.06483229994773865	8.253385543823242	0.26437780261039734
401	0.06332990527153015	0.5529524683952332	0.03276197984814644
423	0.062223657965660095	31.011184692382812	0.5926722288131714
407	0.06174715235829353	7.814405918121338	0.22133386135101318
417	0.06143932789564133	1.1843476295471191	0.2585996389389038
412	0.05698744207620621	-0.05628133937716484	0.36493709683418274
438	0.046296894550323486	2.7874035835266113	0.23175503313541412
442	0.04523990675806999	2.685452461242676	0.01352859940379858
428	0.03775053471326828	4.180014610290527	0.2122972458600998
