414	0.012157312594354153	-8.841760635375977	0.2603209316730499
410	0.011782128363847733	9.120701789855957	0.8614327311515808
409	0.009594550356268883	9.889849662780762	0.1631390005350113
430	0.008267112076282501	11.102095603942871	0.6120370626449585
434	0.007887125015258789	1.5539339780807495	0.40556180477142334
413	0.007637242320924997	0.6664474010467529	0.04872336611151695
439	0.006942588370293379	4.02252721786499	0.03384886309504509
401	0.006702583748847246	0.5529524683952332	0.03276197984814644
443	0.006508156191557646	0.7333466410636902	0.18284636735916138
403	0.006480430252850056	45.91432189941406	0.6661303639411926
427	0.006130002439022064	13.625859260559082	0.13176345825195312
437	0.00569122564047575	2.51373553276062	0.022413600236177444
422	0.005203561391681433	3.7995567321777344	0.39736464619636536
441	0.0046089510433375835	8.429100036621094	0.5169183015823364
425	0.00450638635084033	-12.099804878234863	0.4753342270851135
411	0.004404478706419468	8.253385543823242	0.26437780261039734
416	0.00397480046376586	-14.283669471740723	0.291687548160553
404	0.003786694724112749	3.8539679050445557	0.16612565517425537
435	0.0036188026424497366	1.9212779998779297	0.05752767249941826
447	0.003375582629814744	4.2269487380981445	0.11331740766763687
420	0.003190327435731888	20.67823600769043	0.38968560099601746
415	0.002694057999178767	14.683598518371582	0.22543871402740479
431	0.002669134410098195	-6.610340118408203	0.5444466471672058
402	0.0023082285188138485	2.892881155014038	0.14207077026367188
428	0.0022099234629422426	4.180014610290527	0.2122972458600998
419	0.0021742999088019133	3.981992721557617	0.06644095480442047
412	0.0020262019243091345	-0.05628133937716484	0.36493709683418274
426	0.0018907259218394756	1.6846462488174438	0.0410623662173748
442	0.0018557708244770765	2.685452461242676	0.01352859940379858
433	0.0018023598240688443	1.462353229522705	0.011727704666554928
438	0.0016924524679780006	2.7874035835266113	0.23175503313541412
407	0.0016422918997704983	7.814405918121338	0.22133386135101318
424	0.0015934031689539552	1.8052459955215454	0.11879250407218933
449	0.0015693299937993288	7.3450188636779785	0.07107652723789215
450	0.001459955470636487	13.707488059997559	0.31676068902015686
440	0.001338018337264657	1.0883139371871948	0.12778930366039276
421	0.0012941783061251044	1.7216060161590576	0.026283640414476395
417	0.0011806339025497437	1.1843476295471191	0.2585996389389038
408	0.001136787119321525	6.774903774261475	0.14146190881729126
418	0.001104207243770361	2.5999250411987305	0.3383287787437439
406	0.0010743517195805907	8.005461692810059	0.356881320476532
448	0.0010527931153774261	0.9927824139595032	0.011083493009209633
423	0.0007778954459354281	31.011184692382812	0.5926722288131714
444	0.0006865780451335013	11.117552757263184	0.6770613193511963
436	0.0005308800027705729	2.1707212924957275	0.0907965674996376
429	0.0005091492203064263	8.541165351867676	0.4994949996471405
405	0.0004369622911326587	8.07620906829834	0.05883870646357536
446	0.00030665856320410967	2.6592535972595215	0.21909895539283752
432	0.0002392035530647263	3.6750802993774414	9.395336965098977E-4
445	0.0001808224624255672	11.008926391601562	0.15218204259872437
