403	30.45408821105957	45.91432189941406	0.6661303639411926
405	29.64059066772461	8.07620906829834	0.05883870646357536
417	29.38875961303711	1.1843476295471191	0.2585996389389038
411	29.33493995666504	8.253385543823242	0.26437780261039734
404	29.301349639892578	3.8539679050445557	0.16612565517425537
435	29.133487701416016	1.9212779998779297	0.05752767249941826
423	28.9958553314209	31.011184692382812	0.5926722288131714
449	28.665979385375977	7.3450188636779785	0.07107652723789215
427	28.646621704101562	13.625859260559082	0.13176345825195312
414	28.586708068847656	-8.841760635375977	0.2603209316730499
401	28.55459213256836	0.5529524683952332	0.03276197984814644
419	28.516712188720703	3.981992721557617	0.06644095480442047
406	28.18828010559082	8.005461692810059	0.356881320476532
430	27.944910049438477	11.102095603942871	0.6120370626449585
447	27.89936065673828	4.2269487380981445	0.11331740766763687
413	27.883779525756836	0.6664474010467529	0.04872336611151695
409	27.856775283813477	9.889849662780762	0.1631390005350113
425	27.84247589111328	-12.099804878234863	0.4753342270851135
421	27.77606964111328	1.7216060161590576	0.026283640414476395
434	27.582548141479492	1.5539339780807495	0.40556180477142334
402	27.5822811126709	2.892881155014038	0.14207077026367188
444	27.51564598083496	11.117552757263184	0.6770613193511963
415	27.509014129638672	14.683598518371582	0.22543871402740479
439	27.4665470123291	4.02252721786499	0.03384886309504509
408	27.446470260620117	6.774903774261475	0.14146190881729126
442	27.429885864257812	2.685452461242676	0.01352859940379858
438	27.352981567382812	2.7874035835266113	0.23175503313541412
428	27.343875885009766	4.180014610290527	0.2122972458600998
436	27.208364486694336	2.1707212924957275	0.0907965674996376
410	27.184043884277344	9.120701789855957	0.8614327311515808
407	27.050642013549805	7.814405918121338	0.22133386135101318
441	27.0122013092041	8.429100036621094	0.5169183015823364
420	26.89859962463379	20.67823600769043	0.38968560099601746
443	26.893217086791992	0.7333466410636902	0.18284636735916138
416	26.761648178100586	-14.283669471740723	0.291687548160553
440	26.713443756103516	1.0883139371871948	0.12778930366039276
418	26.705270767211914	2.5999250411987305	0.3383287787437439
422	26.64335060119629	3.7995567321777344	0.39736464619636536
450	26.626192092895508	13.707488059997559	0.31676068902015686
429	26.471351623535156	8.541165351867676	0.4994949996471405
448	26.3149471282959	0.9927824139595032	0.011083493009209633
431	26.064971923828125	-6.610340118408203	0.5444466471672058
412	25.989425659179688	-0.05628133937716484	0.36493709683418274
432	25.7082462310791	3.6750802993774414	9.395336965098977E-4
426	25.481407165527344	1.6846462488174438	0.0410623662173748
424	25.427339553833008	1.8052459955215454	0.11879250407218933
445	24.7307186126709	11.008926391601562	0.15218204259872437
446	24.661951065063477	2.6592535972595215	0.21909895539283752
433	24.055789947509766	1.462353229522705	0.011727704666554928
437	23.779979705810547	2.51373553276062	0.022413600236177444
