450	0.5526819825172424	13.707488059997559	0.31676068902015686
443	0.5196551084518433	0.7333466410636902	0.18284636735916138
404	0.5091610550880432	3.8539679050445557	0.16612565517425537
421	0.4992828369140625	1.7216060161590576	0.026283640414476395
420	0.46577563881874084	20.67823600769043	0.38968560099601746
418	0.45798853039741516	2.5999250411987305	0.3383287787437439
428	0.45716342329978943	4.180014610290527	0.2122972458600998
415	0.44768422842025757	14.683598518371582	0.22543871402740479
446	0.44674286246299744	2.6592535972595215	0.21909895539283752
445	0.44300398230552673	11.008926391601562	0.15218204259872437
436	0.4423697888851166	2.1707212924957275	0.0907965674996376
408	0.4381824731826782	6.774903774261475	0.14146190881729126
438	0.4368780255317688	2.7874035835266113	0.23175503313541412
425	0.43199247121810913	-12.099804878234863	0.4753342270851135
449	0.4301404058933258	7.3450188636779785	0.07107652723789215
410	0.42911896109580994	9.120701789855957	0.8614327311515808
407	0.42791783809661865	7.814405918121338	0.22133386135101318
435	0.4258769154548645	1.9212779998779297	0.05752767249941826
431	0.41958341002464294	-6.610340118408203	0.5444466471672058
441	0.4121977984905243	8.429100036621094	0.5169183015823364
437	0.4067560136318207	2.51373553276062	0.022413600236177444
434	0.40301457047462463	1.5539339780807495	0.40556180477142334
440	0.397648423910141	1.0883139371871948	0.12778930366039276
406	0.39688345789909363	8.005461692810059	0.356881320476532
401	0.39382055401802063	0.5529524683952332	0.03276197984814644
416	0.3922897279262543	-14.283669471740723	0.291687548160553
414	0.3912268280982971	-8.841760635375977	0.2603209316730499
411	0.3853856027126312	8.253385543823242	0.26437780261039734
417	0.38167911767959595	1.1843476295471191	0.2585996389389038
439	0.37959548830986023	4.02252721786499	0.03384886309504509
413	0.37937214970588684	0.6664474010467529	0.04872336611151695
447	0.3759659230709076	4.2269487380981445	0.11331740766763687
419	0.36969950795173645	3.981992721557617	0.06644095480442047
444	0.36767956614494324	11.117552757263184	0.6770613193511963
422	0.36343929171562195	3.7995567321777344	0.39736464619636536
405	0.35941433906555176	8.07620906829834	0.05883870646357536
432	0.35781329870224	3.6750802993774414	9.395336965098977E-4
433	0.3567131459712982	1.462353229522705	0.011727704666554928
402	0.353577584028244	2.892881155014038	0.14207077026367188
448	0.33654481172561646	0.9927824139595032	0.011083493009209633
427	0.33554911613464355	13.625859260559082	0.13176345825195312
412	0.3300349712371826	-0.05628133937716484	0.36493709683418274
409	0.32767587900161743	9.889849662780762	0.1631390005350113
426	0.29930534958839417	1.6846462488174438	0.0410623662173748
403	0.28913602232933044	45.91432189941406	0.6661303639411926
424	0.2824834883213043	1.8052459955215454	0.11879250407218933
442	0.2725106477737427	2.685452461242676	0.01352859940379858
429	0.2687259316444397	8.541165351867676	0.4994949996471405
430	0.26499539613723755	11.102095603942871	0.6120370626449585
423	0.25053757429122925	31.011184692382812	0.5926722288131714
