414	31.168302536010742	-8.841760635375977	0.2603209316730499
404	26.947914123535156	3.8539679050445557	0.16612565517425537
450	26.00098991394043	13.707488059997559	0.31676068902015686
434	24.703460693359375	1.5539339780807495	0.40556180477142334
443	24.00267219543457	0.7333466410636902	0.18284636735916138
423	23.53491973876953	31.011184692382812	0.5926722288131714
409	23.38823890686035	9.889849662780762	0.1631390005350113
416	23.199262619018555	-14.283669471740723	0.291687548160553
411	20.835567474365234	8.253385543823242	0.26437780261039734
421	20.783132553100586	1.7216060161590576	0.026283640414476395
426	20.38421630859375	1.6846462488174438	0.0410623662173748
431	20.29192352294922	-6.610340118408203	0.5444466471672058
435	20.267812728881836	1.9212779998779297	0.05752767249941826
415	19.836889266967773	14.683598518371582	0.22543871402740479
438	19.499492645263672	2.7874035835266113	0.23175503313541412
412	19.211196899414062	-0.05628133937716484	0.36493709683418274
407	19.19927978515625	7.814405918121338	0.22133386135101318
408	19.120691299438477	6.774903774261475	0.14146190881729126
439	18.965177536010742	4.02252721786499	0.03384886309504509
413	18.74712371826172	0.6664474010467529	0.04872336611151695
429	18.62738800048828	8.541165351867676	0.4994949996471405
448	18.611604690551758	0.9927824139595032	0.011083493009209633
427	18.47557830810547	13.625859260559082	0.13176345825195312
403	18.431211471557617	45.91432189941406	0.6661303639411926
447	18.4284725189209	4.2269487380981445	0.11331740766763687
417	17.806522369384766	1.1843476295471191	0.2585996389389038
402	17.733383178710938	2.892881155014038	0.14207077026367188
420	17.703542709350586	20.67823600769043	0.38968560099601746
405	17.66061019897461	8.07620906829834	0.05883870646357536
441	17.625614166259766	8.429100036621094	0.5169183015823364
406	17.5419864654541	8.005461692810059	0.356881320476532
440	17.524471282958984	1.0883139371871948	0.12778930366039276
418	17.332061767578125	2.5999250411987305	0.3383287787437439
422	17.010334014892578	3.7995567321777344	0.39736464619636536
401	16.676916122436523	0.5529524683952332	0.03276197984814644
444	16.305953979492188	11.117552757263184	0.6770613193511963
428	16.015605926513672	4.180014610290527	0.2122972458600998
430	16.005413055419922	11.102095603942871	0.6120370626449585
445	15.974869728088379	11.008926391601562	0.15218204259872437
424	15.900219917297363	1.8052459955215454	0.11879250407218933
436	15.884812355041504	2.1707212924957275	0.0907965674996376
442	15.765944480895996	2.685452461242676	0.01352859940379858
425	15.694818496704102	-12.099804878234863	0.4753342270851135
419	15.642982482910156	3.981992721557617	0.06644095480442047
437	15.14421558380127	2.51373553276062	0.022413600236177444
410	15.122100830078125	9.120701789855957	0.8614327311515808
446	14.892254829406738	2.6592535972595215	0.21909895539283752
449	14.651150703430176	7.3450188636779785	0.07107652723789215
432	12.851831436157227	3.6750802993774414	9.395336965098977E-4
433	11.009161949157715	1.462353229522705	0.011727704666554928
