411	0.37759873270988464	8.253385543823242	0.26437780261039734
430	0.32697129249572754	11.102095603942871	0.6120370626449585
423	0.3258717656135559	31.011184692382812	0.5926722288131714
408	0.3255428373813629	6.774903774261475	0.14146190881729126
429	0.32224172353744507	8.541165351867676	0.4994949996471405
413	0.3128645122051239	0.6664474010467529	0.04872336611151695
405	0.31134533882141113	8.07620906829834	0.05883870646357536
415	0.31029829382896423	14.683598518371582	0.22543871402740479
403	0.31009748578071594	45.91432189941406	0.6661303639411926
402	0.30948522686958313	2.892881155014038	0.14207077026367188
447	0.2960410714149475	4.2269487380981445	0.11331740766763687
442	0.2894029915332794	2.685452461242676	0.01352859940379858
416	0.2887742519378662	-14.283669471740723	0.291687548160553
431	0.2865051329135895	-6.610340118408203	0.5444466471672058
439	0.2826601564884186	4.02252721786499	0.03384886309504509
434	0.28262418508529663	1.5539339780807495	0.40556180477142334
417	0.27732712030410767	1.1843476295471191	0.2585996389389038
432	0.270116925239563	3.6750802993774414	9.395336965098977E-4
414	0.2679276466369629	-8.841760635375977	0.2603209316730499
410	0.26580238342285156	9.120701789855957	0.8614327311515808
427	0.26570218801498413	13.625859260559082	0.13176345825195312
443	0.2606101930141449	0.7333466410636902	0.18284636735916138
401	0.25639891624450684	0.5529524683952332	0.03276197984814644
407	0.25211602449417114	7.814405918121338	0.22133386135101318
440	0.2436937689781189	1.0883139371871948	0.12778930366039276
435	0.24309006333351135	1.9212779998779297	0.05752767249941826
426	0.24012458324432373	1.6846462488174438	0.0410623662173748
409	0.2397536188364029	9.889849662780762	0.1631390005350113
438	0.23641309142112732	2.7874035835266113	0.23175503313541412
437	0.2352367639541626	2.51373553276062	0.022413600236177444
422	0.22959458827972412	3.7995567321777344	0.39736464619636536
412	0.22943782806396484	-0.05628133937716484	0.36493709683418274
449	0.2283984273672104	7.3450188636779785	0.07107652723789215
419	0.2246798276901245	3.981992721557617	0.06644095480442047
425	0.22378234565258026	-12.099804878234863	0.4753342270851135
446	0.2232346534729004	2.6592535972595215	0.21909895539283752
404	0.211758553981781	3.8539679050445557	0.16612565517425537
418	0.21135783195495605	2.5999250411987305	0.3383287787437439
448	0.20945824682712555	0.9927824139595032	0.011083493009209633
424	0.204390749335289	1.8052459955215454	0.11879250407218933
441	0.20342017710208893	8.429100036621094	0.5169183015823364
406	0.19685634970664978	8.005461692810059	0.356881320476532
421	0.19560113549232483	1.7216060161590576	0.026283640414476395
450	0.17833004891872406	13.707488059997559	0.31676068902015686
436	0.17809464037418365	2.1707212924957275	0.0907965674996376
428	0.1677708625793457	4.180014610290527	0.2122972458600998
444	0.14955830574035645	11.117552757263184	0.6770613193511963
445	0.13245460391044617	11.008926391601562	0.15218204259872437
433	0.10044965893030167	1.462353229522705	0.011727704666554928
420	0.0877370685338974	20.67823600769043	0.38968560099601746
