448	38.90419006347656	0.9927824139595032	0.011083493009209633
449	37.339805603027344	7.3450188636779785	0.07107652723789215
446	34.525604248046875	2.6592535972595215	0.21909895539283752
447	33.81830596923828	4.2269487380981445	0.11331740766763687
450	32.51967239379883	13.707488059997559	0.31676068902015686
445	31.91411781311035	11.008926391601562	0.15218204259872437
442	30.73044776916504	2.685452461242676	0.01352859940379858
443	30.702287673950195	0.7333466410636902	0.18284636735916138
444	30.460256576538086	11.117552757263184	0.6770613193511963
441	29.638072967529297	8.429100036621094	0.5169183015823364
440	27.755596160888672	1.0883139371871948	0.12778930366039276
438	27.083126068115234	2.7874035835266113	0.23175503313541412
436	26.834741592407227	2.1707212924957275	0.0907965674996376
439	26.27529525756836	4.02252721786499	0.03384886309504509
435	26.134000778198242	1.9212779998779297	0.05752767249941826
434	23.930728912353516	1.5539339780807495	0.40556180477142334
437	23.92808723449707	2.51373553276062	0.022413600236177444
432	22.645540237426758	3.6750802993774414	9.395336965098977E-4
433	21.776287078857422	1.462353229522705	0.011727704666554928
430	21.36659049987793	11.102095603942871	0.6120370626449585
428	21.092025756835938	4.180014610290527	0.2122972458600998
431	20.049558639526367	-6.610340118408203	0.5444466471672058
429	19.957365036010742	8.541165351867676	0.4994949996471405
427	19.01758575439453	13.625859260559082	0.13176345825195312
426	17.814573287963867	1.6846462488174438	0.0410623662173748
425	16.9027042388916	-12.099804878234863	0.4753342270851135
422	16.21685791015625	3.7995567321777344	0.39736464619636536
424	16.057891845703125	1.8052459955215454	0.11879250407218933
423	15.731067657470703	31.011184692382812	0.5926722288131714
421	14.60585880279541	1.7216060161590576	0.026283640414476395
420	14.249576568603516	20.67823600769043	0.38968560099601746
418	12.973709106445312	2.5999250411987305	0.3383287787437439
419	12.85090446472168	3.981992721557617	0.06644095480442047
417	11.705670356750488	1.1843476295471191	0.2585996389389038
416	11.66383171081543	-14.283669471740723	0.291687548160553
415	10.538191795349121	14.683598518371582	0.22543871402740479
414	10.25300407409668	-8.841760635375977	0.2603209316730499
413	10.057953834533691	0.6664474010467529	0.04872336611151695
412	8.012789726257324	-0.05628133937716484	0.36493709683418274
411	7.524466514587402	8.253385543823242	0.26437780261039734
410	7.050652503967285	9.120701789855957	0.8614327311515808
409	6.037349224090576	9.889849662780762	0.1631390005350113
408	5.361885070800781	6.774903774261475	0.14146190881729126
407	4.402053356170654	7.814405918121338	0.22133386135101318
406	3.7707042694091797	8.005461692810059	0.356881320476532
405	3.151775598526001	8.07620906829834	0.05883870646357536
404	2.137526512145996	3.8539679050445557	0.16612565517425537
403	1.5916309356689453	45.91432189941406	0.6661303639411926
402	0.7511730790138245	2.892881155014038	0.14207077026367188
