403	0.9143216013908386	45.91432189941406	0.6661303639411926
402	0.7411069273948669	2.892881155014038	0.14207077026367188
409	0.7015671730041504	9.889849662780762	0.1631390005350113
450	0.6725724935531616	13.707488059997559	0.31676068902015686
408	0.6470069885253906	6.774903774261475	0.14146190881729126
404	0.6357402205467224	3.8539679050445557	0.16612565517425537
411	0.6245478391647339	8.253385543823242	0.26437780261039734
401	0.624441385269165	0.5529524683952332	0.03276197984814644
449	0.6206299662590027	7.3450188636779785	0.07107652723789215
435	0.6109520196914673	1.9212779998779297	0.05752767249941826
442	0.6076624989509583	2.685452461242676	0.01352859940379858
427	0.6041375994682312	13.625859260559082	0.13176345825195312
447	0.5934523344039917	4.2269487380981445	0.11331740766763687
424	0.5851598381996155	1.8052459955215454	0.11879250407218933
419	0.5839924812316895	3.981992721557617	0.06644095480442047
410	0.5811064839363098	9.120701789855957	0.8614327311515808
445	0.5720647573471069	11.008926391601562	0.15218204259872437
425	0.562168538570404	-12.099804878234863	0.4753342270851135
420	0.5620566606521606	20.67823600769043	0.38968560099601746
407	0.5599195957183838	7.814405918121338	0.22133386135101318
405	0.5580530166625977	8.07620906829834	0.05883870646357536
421	0.5578605532646179	1.7216060161590576	0.026283640414476395
430	0.5556543469429016	11.102095603942871	0.6120370626449585
428	0.5471329092979431	4.180014610290527	0.2122972458600998
412	0.5467202663421631	-0.05628133937716484	0.36493709683418274
444	0.5448005795478821	11.117552757263184	0.6770613193511963
422	0.5439057946205139	3.7995567321777344	0.39736464619636536
443	0.5397610068321228	0.7333466410636902	0.18284636735916138
446	0.5391566753387451	2.6592535972595215	0.21909895539283752
423	0.5288700461387634	31.011184692382812	0.5926722288131714
426	0.5267099738121033	1.6846462488174438	0.0410623662173748
415	0.5254189968109131	14.683598518371582	0.22543871402740479
406	0.5246455073356628	8.005461692810059	0.356881320476532
437	0.5244158506393433	2.51373553276062	0.022413600236177444
433	0.5101525783538818	1.462353229522705	0.011727704666554928
440	0.5068989992141724	1.0883139371871948	0.12778930366039276
436	0.503730833530426	2.1707212924957275	0.0907965674996376
417	0.4956577718257904	1.1843476295471191	0.2585996389389038
414	0.49073275923728943	-8.841760635375977	0.2603209316730499
434	0.49025601148605347	1.5539339780807495	0.40556180477142334
439	0.48853012919425964	4.02252721786499	0.03384886309504509
418	0.48578280210494995	2.5999250411987305	0.3383287787437439
431	0.4845271706581116	-6.610340118408203	0.5444466471672058
448	0.4836324155330658	0.9927824139595032	0.011083493009209633
413	0.4740472435951233	0.6664474010467529	0.04872336611151695
438	0.4680054187774658	2.7874035835266113	0.23175503313541412
432	0.44179049134254456	3.6750802993774414	9.395336965098977E-4
416	0.4375530481338501	-14.283669471740723	0.291687548160553
429	0.4366585910320282	8.541165351867676	0.4994949996471405
441	0.4228433072566986	8.429100036621094	0.5169183015823364
